#TESTNET CREDENTIAL
MYACCOUNT_ID = 0.0.3885392
MYACCOUNT_PBKEY = 302a300506032b65700321009d69a238d6263b6901b17220a0da0e4f457d712475532228a58d69c2f18e5cc4
MYACCOUNT_PVKEY = 302e020100300506032b657004220420eb2c1ba7963c97c8b691bff881a47df81d8e3ecef7ccbe186fc4ba1a44e89464

#--------------------------------Account1 Info------------------------------
ACCOUNT_ID1 = 0.0.4036106
ACCOUNT_ID1_PVKEY = 302e020100300506032b6570042204206661117eb8ad1c80c3942f3351d4c4030fcddc2bee3bbfed5f0b4b109be97d48
ACCOUNT_ID1_PBKEY = 302a300506032b6570032100af4d50693e3a1e24b291facfe6d45308b83b510379f8dc1bb792fdffa25ec16a

   
#--------------------------------Account2 Info------------------------------
ACCOUNT_ID2 = 0.0.4036108
ACCOUNT_ID2_PVKEY = 302e020100300506032b65700422042098dcf7f1da48e79ba2e8fefd6875863d13903109aa11d17457631abeeaaf3336
ACCOUNT_ID2_PBKEY = 302a300506032b65700321004a3d7f1fa3a45257fa64275c025aacf7a97b9c170a2e00b42bf54d7e80b6304c

   
#--------------------------------Account3 Info------------------------------
ACCOUNT_ID3 = 0.0.4036109
ACCOUNT_ID3_PVKEY = 302e020100300506032b6570042204207f7750cad6816c3e90054b647c2a464d8ed92c1584a1124788f2e0c07ee20b2e
ACCOUNT_ID3_PBKEY = 302a300506032b657003210033cea1169851b2f127a56eac8bb23f542c0b00ea3eaa57f8d407aac601838258

   
#--------------------------------Account4 Info------------------------------
ACCOUNT_ID4 = 0.0.4036111
ACCOUNT_ID4_PVKEY = 302e020100300506032b65700422042087e47b30da92911328b19233126436d92aebe8c09f4345790578f44258527fc4
ACCOUNT_ID4_PBKEY = 302a300506032b6570032100d10499f4fe71694484c90df3359dcc5c6938b30bdb3199836309c0b4521ea31c

   
#--------------------------------Account5 Info------------------------------
ACCOUNT_ID5 = 0.0.4036113
ACCOUNT_ID5_PVKEY = 302e020100300506032b6570042204208a597cc49f95e809034e4d5b4d25fe9df17c6c2f11324edc88d305aa2f363ac4
ACCOUNT_ID5_PBKEY = 302a300506032b6570032100263cc7371dbc7b04c0cacaba9f87d7ee59ed9251af7ef6d3038971ce8f997bf1


#---------------------------------TokenID------------------------------------------------------------
TokenID = 0.0.4037840

#-------------------------ScheduleID--------------------------------------------
ScheduleID = 0.0.4038590

#-------------------------TopicId----------------------------------------------
topicID = 0.0.4038813